(+18) -> (-2) -> (-15)

O^6 C5
Politica izquierda

0: 2(36) 8
  2: 9(8) 1(15) 3(28) 4
    9: (2)(6) 1
    1: (8)(9)(11) 3
    3: (16)(17)(22) (24) (26) 4
    4: (28)(30)(35) 7
  8: 7 (48) 5(95) 6
    7: (36)(40)(45) 5
    5: (48)(50) 6
    6: (95)(111)(106) -1

---------------------------------

(+18)
L0 L2 L3 E10 E3 E2

0: 2(36) 8
  2: 9(8) 1(15) 3 (22) 9(28) 4
    9: (2)(6) 1
    1: (8)(9)(11) 3
    3: (16)(17)(18) 10
   10: (22) (24) (26) 4
    4: (28)(30)(35) 7
  8: 7 (48) 5(95) 6
    7: (36)(40)(45) 5
    5: (48)(50) 6
    6: (95)(111)(106) -1

---------------------------------

(-2)
L0 L2 L9 L1 E9 E1 E2 -- Libre 9

0: 2(36) 8
  2: 1(15) 3 (22) 9(28) 4
    1: (6)(8)(9)(11) 3
    3: (16)(17)(18) 10
   10: (22) (24) (26) 4
    4: (28)(30)(35) 7
  8: 7 (48) 5(95) 6
    7: (36)(40)(45) 5
    5: (48)(50) 6
    6: (95)(111)(106) -1

---------------------------------

(-15)
L0 L2 L3

0: 2(36) 8
  2: 1(15) 3 (22) 9(28) 4
    1: (6)(8)(9)(11) 3
    3: (16)(17)(18) 10
   10: (22) (24) (26) 4
    4: (28)(30)(35) 7
  8: 7 (48) 5(95) 6
    7: (36)(40)(45) 5
    5: (48)(50) 6
    6: (95)(111)(106) -1

---------------------------------
